
leasing and customer activity

(677, 0.13425231897914025) (380, 0.12663527019926976) (550, 0.12595507214706056) (316, 0.11707174090774718) (25, 0.10969222049040663) (191, 0.1080202485253379) (119, 0.10626076800754625) (844, 0.10096885360651398) (0, 0.09728813363061459) (65, 0.09536929514989372)
(677, 0.12811304768015733) (550, 0.11535899927799016) (25, 0.10969222049040663) (316, 0.10390620407579605) (380, 0.10388258218109477) (191, 0.09620711640079417) (452, 0.09453008859388547) (844, 0.09399889326886407) (119, 0.09342889071698585) (0, 0.08924784839302564)
(677, 0.2312972500688148) (191, 0.1785461551162935) (732, 0.16740441715477883) (380, 0.16341156159897763) (550, 0.16292221940941876) (301, 0.1623877335934823) (316, 0.16060413470101884) (603, 0.15800986913692006) (844, 0.15095358182534882) (903, 0.14477143504619677)
(802, 0.052263040507640246) (383, 0.019951917458845198) (145, 0.01943137405355312) (816, 0.01662106020162048) (287, 0.015110803933474106) (411, 0.014762224606784885) (976, 0.014286148869788235) (625, 0.01396135219615643) (840, 0.01372827502708167) (87, 0.013379560988447786)

effect of pandemic on aerospace industry

(68, 0.12496171840981371) (199, 0.12100747635756734) (909, 0.1086958876356275) (641, 0.10534645664193633) (495, 0.10242137317453302) (216, 0.10179209126369926) (889, 0.09781537582733463) (463, 0.09684703106680977) (791, 0.09575580432806809) (16, 0.0946156596679446)
(199, 0.10948825042928974) (68, 0.10754951343066622) (495, 0.09960609852350333) (909, 0.09848544469180284) (889, 0.0908539786256679) (216, 0.08953246495124005) (463, 0.08927288918323992) (791, 0.08787686790559752) (239, 0.08782351912977683) (641, 0.08624424809505642)
(68, 0.2530174575509152) (199, 0.2282460230859997) (463, 0.20821192816824016) (786, 0.18959838285416528) (624, 0.1835704515359369) (912, 0.1835370341973453) (216, 0.1789303757824571) (653, 0.1739438503550327) (93, 0.15881549013299956) (495, 0.1549164839426698)
(599, 0.057275685455663194) (87, 0.028804775729937254) (21, 0.023790059361236873) (596, 0.018867084296463717) (802, 0.018244406820299437) (76, 0.016629556763068785) (349, 0.015886651907405746) (145, 0.014436326352454888) (820, 0.013722457152647347) (287, 0.012510275540480417)

active customer engagement in healthcare services

(810, 0.1263973369637036) (552, 0.1167904669990203) (533, 0.10959498582698782) (839, 0.10020631337891577) (163, 0.0950889749846445) (666, 0.0867780050387181) (631, 0.08583149947001749) (566, 0.08571489062551173) (573, 0.08333448930479244) (1, 0.08302935702058975)
(552, 0.10469344350251322) (533, 0.09989146620991336) (810, 0.08963547487089935) (163, 0.0827540417324455) (539, 0.07258541036372072) (20, 0.06236078645638378) (979, 0.061997154927331155) (840, 0.05981443668089947) (7, 0.05832250400012332) (247, 0.05791709525890731)
(515, 0.1198909400141623) (163, 0.1149399035684439) (88, 0.11377344714432777) (497, 0.11327695027567336) (552, 0.11295595850293334) (138, 0.10982706823770655) (352, 0.10749789974374481) (566, 0.10288255742160694) (539, 0.10264004891672177) (174, 0.09667402122991099)
(840, 0.07583942627010795) (20, 0.07432471813471067) (349, 0.055016852033507674) (362, 0.03755211214318534) (287, 0.03744189850224678) (820, 0.03648074682570337) (816, 0.032940270651569306) (35, 0.03159507796048592) (383, 0.031234744100962927) (976, 0.02840950093250322)

decline of markets in Europe

(479, 0.04964342497596667) (614, 0.04907130147743785) (889, 0.04882291833875282) (480, 0.04787466426807325) (283, 0.04647595479102029) (939, 0.04568173060049489) (147, 0.04481997845249722) (399, 0.043916009518193064) (495, 0.04382215122518137) (60, 0.04253450074619256)
(939, 0.044499077432798406) (399, 0.04320025762775412) (479, 0.04173731000032277) (614, 0.04146826267825842) (141, 0.039777178658468866) (237, 0.039673609433887355) (109, 0.03945671627723647) (911, 0.03908049998168618) (279, 0.038405905849554715) (480, 0.03682746432139726)
(266, 0.05280133425306196) (756, 0.048976762372609846) (356, 0.04650744562500385) (234, 0.04612448502183543) (109, 0.04605941510038291) (786, 0.044832631222868374) (656, 0.04394143893400928) (939, 0.04363900633250355) (71, 0.04304005503896134) (67, 0.042980585926577)
(287, 0.03678959395718835) (332, 0.03664776450625009) (349, 0.034967034207051696) (21, 0.029894281773099645) (87, 0.022473007636373284) (840, 0.01841666050710124) (760, 0.017580928507502272) (820, 0.01508823736768526) (35, 0.012488094796266145) (256, 0.01193454216823962)

protest on George Floyd's death

(904, 0.1578906421612841) (643, 0.14535387536029012) (445, 0.13430613328504187) (942, 0.12517343886305438) (938, 0.12138829816701656) (90, 0.1208405236195043) (146, 0.11954174847738193) (500, 0.11648792602607988) (883, 0.11352106263542969) (58, 0.10284383816061264)
(904, 0.1578906421612841) (643, 0.14535387536029012) (942, 0.12517343886305438) (90, 0.1208405236195043) (500, 0.11648792602607988) (883, 0.11352106263542969) (445, 0.11179587431259198) (58, 0.10284383816061264) (502, 0.10259808622795505) (958, 0.1015414113785029)
(146, 0.47183686724166146) (938, 0.45798198806329904) (995, 0.44730608533836663) (643, 0.4185006787230476) (904, 0.2660359544138505) (491, 0.2618414848533367) (158, 0.23464393353513943) (941, 0.2256534269576229) (890, 0.20018224278811225) (445, 0.1971899556212839)
(840, 0.08870757543896998) (362, 0.06104181175276623) (6, 0.05688344162852616) (349, 0.03951929488737936)

effect of pandemic on aerospace industry

(68, 0.12496171840981371) (199, 0.12100747635756734) (909, 0.1086958876356275) (641, 0.10534645664193633) (495, 0.10242137317453302) (216, 0.10179209126369926) (889, 0.09781537582733463) (463, 0.09684703106680977) (791, 0.09575580432806809) (16, 0.0946156596679446)
(199, 0.10948825042928974) (68, 0.10754951343066622) (495, 0.09960609852350333) (909, 0.09848544469180284) (889, 0.0908539786256679) (216, 0.08953246495124005) (463, 0.08927288918323992) (791, 0.08787686790559752) (239, 0.08782351912977683) (641, 0.08624424809505642)
(68, 0.2530174575509152) (199, 0.2282460230859997) (463, 0.20821192816824016) (786, 0.18959838285416528) (624, 0.1835704515359369) (912, 0.1835370341973453) (216, 0.1789303757824571) (653, 0.1739438503550327) (93, 0.15881549013299956) (495, 0.1549164839426698)
(599, 0.057275685455663194) (87, 0.028804775729937254) (21, 0.023790059361236873) (596, 0.018867084296463717) (802, 0.018244406820299437) (76, 0.016629556763068785) (349, 0.015886651907405746) (145, 0.014436326352454888) (820, 0.013722457152647347) (287, 0.012510275540480417)

active customer engagement in healthcare services

(810, 0.1263973369637036) (552, 0.1167904669990203) (533, 0.10959498582698782) (839, 0.10020631337891577) (163, 0.0950889749846445) (666, 0.0867780050387181) (631, 0.08583149947001749) (566, 0.08571489062551173) (573, 0.08333448930479244) (1, 0.08302935702058975)
(552, 0.10469344350251322) (533, 0.09989146620991336) (810, 0.08963547487089935) (163, 0.0827540417324455) (539, 0.07258541036372072) (20, 0.06236078645638378) (979, 0.061997154927331155) (840, 0.05981443668089947) (7, 0.05832250400012332) (247, 0.05791709525890731)
(515, 0.1198909400141623) (163, 0.1149399035684439) (88, 0.11377344714432777) (497, 0.11327695027567336) (552, 0.11295595850293334) (138, 0.10982706823770655) (352, 0.10749789974374481) (566, 0.10288255742160694) (539, 0.10264004891672177) (174, 0.09667402122991099)
(840, 0.07583942627010795) (20, 0.07432471813471067) (349, 0.055016852033507674) (362, 0.03755211214318534) (287, 0.03744189850224678) (820, 0.03648074682570337) (816, 0.032940270651569306) (35, 0.03159507796048592) (383, 0.031234744100962927) (976, 0.02840950093250322)

decline of markets in Europe

(479, 0.04964342497596667) (614, 0.04907130147743785) (889, 0.04882291833875282) (480, 0.04787466426807325) (283, 0.04647595479102029) (939, 0.04568173060049489) (147, 0.04481997845249722) (399, 0.043916009518193064) (495, 0.04382215122518137) (60, 0.04253450074619256)
(939, 0.044499077432798406) (399, 0.04320025762775412) (479, 0.04173731000032277) (614, 0.04146826267825842) (141, 0.039777178658468866) (237, 0.039673609433887355) (109, 0.03945671627723647) (911, 0.03908049998168618) (279, 0.038405905849554715) (480, 0.03682746432139726)
(266, 0.05280133425306196) (756, 0.048976762372609846) (356, 0.04650744562500385) (234, 0.04612448502183543) (109, 0.04605941510038291) (786, 0.044832631222868374) (656, 0.04394143893400928) (939, 0.04363900633250355) (71, 0.04304005503896134) (67, 0.042980585926577)
(287, 0.03678959395718835) (332, 0.03664776450625009) (349, 0.034967034207051696) (21, 0.029894281773099645) (87, 0.022473007636373284) (840, 0.01841666050710124) (760, 0.017580928507502272) (820, 0.01508823736768526) (35, 0.012488094796266145) (256, 0.01193454216823962)

protest on George Floyd's death
(904, 0.1578906421612841) (643, 0.14535387536029012) (445, 0.13430613328504187) (942, 0.12517343886305438) (938, 0.12138829816701656) (90, 0.1208405236195043) (146, 0.11954174847738193) (500, 0.11648792602607988) (883, 0.11352106263542969) (58, 0.10284383816061264)
(904, 0.1578906421612841) (643, 0.14535387536029012) (942, 0.12517343886305438) (90, 0.1208405236195043) (500, 0.11648792602607988) (883, 0.11352106263542969) (445, 0.11179587431259198) (58, 0.10284383816061264) (502, 0.10259808622795505) (958, 0.1015414113785029)
(146, 0.47183686724166146) (938, 0.45798198806329904) (995, 0.44730608533836663) (643, 0.4185006787230476) (904, 0.2660359544138505) (491, 0.2618414848533367) (158, 0.23464393353513943) (941, 0.2256534269576229) (890, 0.20018224278811225) (445, 0.1971899556212839)
(840, 0.08870757543896998) (362, 0.06104181175276623) (6, 0.05688344162852616) (349, 0.03951929488737936)
